00000000000000000100001001011010111000010010100000001100010000110001000110101110010000110111101110111011001010000110001011111111010001111010000000010001110010101101010100000111
00000000000000001110011111111000111100010110101100001001011100010010100001111110000111111101001001100001001111001010011110001000001110010001000011010000000001011110101010000010
00000000000000001111101010110110010110111101101101000110101101101101100110010110101011111101111011000110010111100100001110010001110001110011000010010010001111101101101101010000
00000000000000001111001011011101011100001000011001111111111010100111110100000011000110111101111101010000001011110100111110110100110000000000100110101001000000000010001001110010
00000000000000000011110011010010001100100100111100100111001110110110010000100110110010100010101101100011100110000000000100100000110001001100111010111011111111001010100100110011
00000000000000001011010111011010100101011100101011111101111011110010111000101010101011001000110111001101100011000001111010011110110000111000110110010000101110110111000001011010
00000000000000000011110011010010001100100100111100100111001110110110010000100110110010100010101101100011100110000000000100100000110001001100111010111011111111001010100100110011
00000000000000000010111101010101010010001001100111011001101001010001001000011011110001011101010100110110111110011010110111101110011101111010010000001001001011001110001100010111
00000000000000000011000001110001001101010010101100010100000110111001110011000110010000100011110101000100010000010100110111010000000011110110101101111110010111000101111010101110
00000000000000001011110110011111110111010001000010111000011010100010101100001100111110011101010100011101001110010001101011010101111111101011100110010011011100100111011110011111
