00000000000000001000101101100101000011010111010000111101011010110000110110000001111101100000100110100100101101010100011011011000001110100111001000011111111100000100000110001011
00000000000000001000001010000000100110101000110010110110110011001000010110001111110100101110011011011011111011001111110111110011010111000101100110111011111010111000011110111011
00000000000000001000110101100011110100011001110110101111111100000100011111000110101011100110110001010000111110100000011010000000011000011101011101101000010101111010001011110111
00000000000000001010101100010110111011100100001010010100011000101101101101001001110111101100011100011101010011101011010111111010101111110011100110111011101100100110110100011001
00000000000000000100111100011011010011011110101000010001010010101110001100001111000011101000111000000011010011101000000110010011001010100001110000100110011100101011100111101010
00000000000000001100101011110001001101000000010101000001000110110011110111110100111101010101111001111101101111001101110001110110100001011000100001111011001010001011111111100111
00000000000000000010010101101001000100000001000010100111010100100000000001001000111101010001010011100000101101100000001011110000100110010100101111101110010010001000110100100110
00000000000000000101001111001100001010100001100001111110011001111001000011011101101010110110010110000000110101000000001100111110010011101000001101001001010000010011011000111000
00000000000000001111011000000101111011000000110100000001100111010111111101000011100110110111101001110011111100110011100101100101101111001100101111101010011011011101100010010001
00000000000000000111111110011001000000110000101101010000010100111101111010110100100001111010100100001001110000000111101101001000111100000011011011010110110010011110011001000110
